epoch:[000/019]  step:[0256/2048]  loss:0.693070  dsc:0.680752
epoch:[000/019]  step:[0512/2048]  loss:0.587858  dsc:0.749005
